316	5.125	3.408	14.649	34.928
318	5.13	3.364	15.003	34.512
319	5.137	3.322	15.35	34.133
321	5.145	3.283	15.693	33.787
323	5.155	3.246	16.034	33.47
325	5.166	3.211	16.374	33.181
326	5.178	3.178	16.714	32.916
328	5.192	3.147	17.054	32.677
330	5.207	3.117	17.395	32.461
331	5.223	3.098	17.738	32.271
333	5.241	3.063	18.084	32.108
335	5.26	3.039	18.434	31.974
337	5.282	3.107	18.792	31.872
339	5.305	2.998	19.159	31.807
341	5.332	2.981	19.542	31.782
342	5.361	2.966	19.944	31.804
344	5.395	2.955	20.374	31.879
346	5.433	2.946	20.84	32.017
348	5.478	2.942	21.254	32.231
350	5.531	2.942	21.935	32.541
352	5.595	2.947	22.617	32.974
354	5.675	2.957	23.463	33.565
356	5.78	2.97	24.589	34.335
358	5.919	2.977	26.176	35.249
360	6.101	2.962	28.449	36.135
362	6.321	2.896	31.563	36.612
365	6.557	2.756	35.397	36.139
367	6.77	2.531	39.43	34.27
369	6.921	2.238	42.89	30.979
371	6.986	1.914	45.146	26.744
373	6.969	1.598	46.013	22.272
376	6.888	1.317	47.717	18.142
378	6.769	1.081	44.653	14.631
380	6.63	0.889	43.166	11.783
383	6.483	0.735	41.495	9.5309
385	6.337	0.614	39.787	7.7788
387	6.197	0.519	38.127	6.4324
390	6.064	0.446	36.568	5.4074
392	5.94	0.39	35.135	4.6304
395	5.827	0.347	33.838	4.0391
397	5.725	0.313	32.675	3.5823
400	5.632	0.286	31.635	3.2193
402	5.547	0.263	30.702	2.9199
405	5.47	0.243	29.86	2.663
408	5.399	0.226	29.094	2.4352
410	5.332	0.209	28.388	2.2288
413	5.27	0.194	27.733	2.0399
416	5.211	0.179	27.121	1.8662
419	5.155	0.166	26.544	1.7065
422	5.101	0.153	26	1.5599
425	5.05	0.141	25.484	1.4255
427	5.001	0.13	24.993	1.3027
430	4.954	0.12	24.527	1.1907
433	4.909	0.111	24.082	1.0887
436	4.865	0.102	23.657	0.99612
440	4.823	0.095	23.251	0.91228
443	4.782	0.087	22.863	0.83654
446	4.743	0.081	22.491	0.76829
449	4.705	0.075	22.135	0.70694
452	4.669	0.07	21.795	0.65194
456	4.634	0.065	21.468	0.60275
459	4.6	0.061	21.155	0.55885
463	4.567	0.057	20.855	0.51976
466	4.535	0.053	20.568	0.48502
470	4.505	0.05	20.292	0.4542
473	4.475	0.048	20.027	0.42686
477	4.447	0.045	19.773	0.40264
480	4.419	0.043	19.529	0.38115
484	4.393	0.041	19.295	0.36208
488	4.367	0.04	19.069	0.34509
492	4.342	0.038	18.853	0.32989
496	4.318	0.037	18.645	0.31623
500	4.295	0.035	18.445	0.30386
504	4.272	0.034	18.253	0.29257
508	4.251	0.033	18.067	0.28215
512	4.23	0.032	17.889	0.27244
517	4.209	0.031	17.716	0.26331
521	4.189	0.03	17.55	0.25462
525	4.17	0.03	17.389	0.24628
530	4.151	0.029	17.234	0.23822
534	4.133	0.028	17.084	0.23038
539	4.116	0.027	16.938	0.22272
544	4.099	0.026	16.797	0.21525
549	4.082	0.025	16.66	0.20787
553	4.065	0.025	16.528	0.20064
558	4.05	0.024	16.399	0.19355
563	4.034	0.023	16.274	0.18659
569	4.019	0.022	16.152	0.17976
574	4.004	0.022	16.034	0.17305
579	3.99	0.021	15.919	0.16647
585	3.976	0.02	15.807	0.16002
590	3.962	0.019	15.698	0.1537
596	3.949	0.019	15.592	0.1475
602	3.936	0.018	15.489	0.14143
608	3.923	0.017	15.388	0.13549
614	3.91	0.017	15.29	0.12968
620	3.898	0.016	15.194	0.124
626	3.886	0.015	15.1	0.11844
632	3.874	0.015	15.009	0.11301
639	3.863	0.014	14.92	0.10771
646	3.851	0.013	14.833	0.10254
652	3.84	0.013	14.748	0.09749
659	3.83	0.012	14.665	0.09257
666	3.819	0.011	14.584	0.08778
674	3.809	0.011	14.505	0.08312
681	3.798	0.01	14.428	0.07859
689	3.788	0.01	14.352	0.07418
696	3.779	0.009	14.278	0.0699
704	3.769	0.009	14.206	0.06575
712	3.76	0.008	14.135	0.06173
721	3.75	0.008	14.066	0.05783
729	3.741	0.007	13.998	0.05406
738	3.733	0.007	13.932	0.05042
747	3.724	0.006	13.868	0.04691
756	3.715	0.006	13.804	0.04352
765	3.707	0.005	13.742	0.04027
775	3.699	0.005	13.682	0.03714
785	3.691	0.005	13.622	0.03413
795	3.683	0.004	13.564	0.03126
805	3.675	0.004	13.508	0.02851
816	3.668	0.004	13.452	0.0259
826	3.66	0.003	13.398	0.0234
838	3.653	0.003	13.345	0.02104
849	3.646	0.003	13.293	0.01881
861	3.639	0.002	13.242	0.0167
873	3.632	0.002	13.192	0.01427
885	3.625	0.002	13.143	0.01287
898	3.619	0.002	13.095	0.01114
912	3.612	0.001	13.049	0.00954
925	3.606	0.001	13.003	0.00808
939	3.6	0.001	12.958	0.00673
954	3.594	0.001	12.915	0.00552
968	3.588	0.001	12.872	0.00443
984	3.582	0	12.83	0.00348
1000	3.576	0	12.79	0.00265
1016	3.571	0	12.75	0.00194
1033	3.565	0	12.711	0.00136
1051	3.56	0	12.673	0.00091
1069	3.555	0	12.636	0.00057
1087	3.55	0	12.6	0.00033
1107	3.545	0	12.565	0.00017
1127	3.54	0	12.531	8e-05
1148	3.535	0	12.497	4e-05
1169	3.531	0	12.465	2e-05
1192	3.526	0	12.433	1e-05
1215	3.522	0	12.403	0
1240	3.517	0	12.373	0
1265	3.513	0	12.344	0
1291	3.509	0	12.315	0
1319	3.505	0	12.288	0
1347	3.502	0	12.261	0
1377	3.498	0	12.235	0
1409	3.494	0	12.21	0
1441	3.491	0	12.185	0
1476	3.487	0	12.161	0
1512	3.484	0	12.138	0
1550	3.481	0	12.115	0
1589	3.478	0	12.093	0
1631	3.474	0	12.072	0
1675	3.471	0	12.051	0
1722	3.469	0	12.031	0
1771	3.466	0	12.012	0
1823	3.463	0	11.993	0
1878	3.46	0	11.975	0
1937	3.458	0	11.957	0
1999	3.456	0	11.941	0
2066	3.453	0	11.924	0
2137	3.451	0	11.909	0
2214	3.449	0	11.893	0
2296	3.447	0	11.879	0
2384	3.445	0	11.865	0
2479	3.443	0	11.851	0
2583	3.441	0	11.839	0
2695	3.439	0	11.826	0
2817	3.437	0	11.815	0
2952	3.436	0	11.803	0
3099	3.434	0	11.793	0
3262	3.433	0	11.783	0
3443	3.431	0	11.773	0
3646	3.43	0	11.764	0
3874	3.429	0	11.756	0
4132	3.427	0	11.748	0
4427	3.426	0	11.74	0
4768	3.425	0	11.733	0
5165	3.424	0	11.727	0
5635	3.424	0	11.721	0
6198	3.424	0	11.723	1e-05
6887	3.423	0	11.718	0.00015
7748	3.422	0	11.713	0.00016
8855	3.422	0	11.709	0.00048
10330	3.421	0	11.706	0.00068
12396	3.421	0	11.703	0.00116
15496	3.421	0	11.701	0.00109
20661	3.42	0	11.699	0.00171
30991	3.42	0	11.696	0
61982	3.419	0	11.693	0
